Country	Year	GDP_per_capita	GDP_growth	Temporary_worker	Unemployment	Alcohol_cunsumption	Suicide
Belgium	1996	27701.90329	1.395093527	5.9	9.5	10.9	19.6
Belgium	1997	25027.74459	3.459777513	6.27	9	10.9	20.9
Belgium	1998	25541.67472	1.757761266	7.79	9.300000191	9.9	19.6
Belgium	1999	25444.13926	3.326227517	10.28	8.600000382	10.1	17.8
Belgium	2000	23207.40591	3.382626314	9.13	6.599999905	11.2	20.5
Belgium	2001	23121.60114	0.465396765	8.78	6.199999809	11	20.5
Belgium	2002	25052.33939	1.325277038	8.15	6.900000095	11.3	19.5
Belgium	2003	30743.90254	0.353564926	8.38	7.699999809	11.3	19.7
Belgium	2004	35589.68912	3.187131123	8.72	7.400000095	12.1	18.4
Belgium	2005	36967.25918	1.534238995	8.86	8.399999619	12.3	18.6
Belgium	2006	38852.37293	1.83227715	8.73	8.199999809	11	17.7
Belgium	2007	44403.7669	2.692098469	8.65	7.5	10.3	16.7
Belgium	2008	48424.5756	-0.009854203	8.27	7	10.5	17.9
Belgium	2009	44880.57302	-3.036489674	8.23	7.900000095	10.1	17.9
Belgium	2010	44380.17663	1.809776856	8.12	8.300000191	10.2	17.8
Belgium	2011	47702.81189	0.396258392	8.96	7.099999905	10.1	18.1
Belgium	2012	44740.58325	-0.490304014	8.14	7.5	10.1	17.4
Belgium	2013	46582.66955	-0.288318453	8.21	8.399999619	11.8	16.2
Belgium	2014	47379.17392	1.114174168	8.66	8.5	12.6	16.1
Denmark	1996	6493.863346	4.344181048	11.24	3.900000095	12.2	16.8
Denmark	1997	5996.83381	-0.487479421	11.09	4.300000191	12.2	15.4
Denmark	1998	6458.904501	-0.234237455	10.11	5.900000095	11.6	14.2
Denmark	1999	33440.80162	2.607929249	10.16	5.099999905	11.6	14.2
Denmark	2000	30743.55917	3.400722038	9.74	4.5	13.1	13.5
Denmark	2001	30751.64946	0.462530611	9.16	4.199999809	13.1	13.3
Denmark	2002	33228.69291	0.145880086	9.07	4.300000191	13.1	12.5
Denmark	2003	40458.77064	0.117373434	9.26	5.400000095	13	11.5
Denmark	2004	46511.60457	2.403208255	9.45	5.199999809	12.8	12
Denmark	2005	48799.82037	2.055133635	9.84	4.800000191	12.7	11.3
Denmark	2006	52026.99311	3.572035729	8.93	3.900000095	12.2	11.6
Denmark	2007	58487.04501	0.462745499	9.05	3.799999952	12.1	10.3
Denmark	2008	64322.06664	-1.094850556	8.53	3.400000095	10.9	10.7
Denmark	2009	58163.29359	-5.413991945	8.71	6	10.1	10.8
Denmark	2010	58041.41123	1.419488116	8.43	7.5	10.3	9.8
Denmark	2011	61753.66007	0.920390598	8.84	7.599999905	10.5	10.2
Denmark	2012	58507.50021	-0.149947287	8.54	7.5	9.3	11.3
Denmark	2013	61191.19263	0.513432702	8.76	7	9.4	10.3
Denmark	2014	62548.98502	1.105414721	8.5	6.599999905	9.4	10.6
France	1996	27015.25896	1.029646983	12.61	12.39999962	14.5	19.4
France	1997	24359.42506	1.975961282	13.12	12.60000038	14.3	19
France	1998	25101.36874	3.175182483	13.94	12.10000038	14.5	18
France	1999	24799.29601	2.876491076	14.01	12	14.4	17.5
France	2000	22465.64184	3.166120141	15.44	10.19999981	13.9	18.2
France	2001	22527.31775	1.215127417	14.86	8.600000382	14.1	17.5
France	2002	24275.2426	0.385760676	14.13	8.699999809	13.9	17.6
France	2003	29691.18158	0.10747347	13.42	8.300000191	13.4	17.8
France	2004	33874.74255	2.032366715	13.29	8.899999619	13.1	17.5
France	2005	34879.72633	0.844668773	13.9	8.5	12.9	17.1
France	2006	36544.50853	1.663680076	14.82	8.399999619	13.1	16.5
France	2007	41600.58398	1.73013171	15.07	7.699999809	12.9	15.8
France	2008	45413.06571	-0.363092337	15.05	7.099999905	12.5	16.1
France	2009	41631.13141	-3.439412268	14.48	8.699999809	12.6	16.2
France	2010	40703.34279	1.463151139	15.1	8.899999619	12.3	15.9
France	2011	43810.20088	1.586720162	15.36	8.800000191	12.4	15.8
France	2012	40838.02444	-0.301002029	15.25	9.399999619	12.2	14.6
France	2013	42554.12205	0.059969465	16	9.899999619	11.6	14.3
France	2014	42955.24287	0.440219969	16.03	10.30000019	12	13.71
Germany	1996	30564.24781	0.526477107	11.11	8.800000191	13.1	14.4
Germany	1997	27045.71913	1.700290726	11.73	9.899999619	13	14.4
Germany	1998	27340.67289	1.964176139	12.18	9.800000191	12.7	13.6
Germany	1999	26795.99113	1.921237294	13.08	8.899999619	12.8	12.9
Germany	2000	23718.7467	2.822696604	12.74	7.900000095	12.9	12.8
Germany	2001	23687.31689	1.524537695	12.42	7.800000191	12.5	12.8
Germany	2002	25205.16445	-0.167987063	12	8.5	12.3	12.7
Germany	2003	30359.95215	-0.764861234	12.22	9.800000191	11.9	12.6
Germany	2004	34165.93403	1.191936522	12.44	10.69999981	11.8	12
Germany	2005	34696.62092	0.763909706	14.24	11.19999981	11.7	11.4
Germany	2006	36447.87232	3.817196752	14.52	10.19999981	11.8	10.7
Germany	2007	41814.8191	3.39870617	14.64	8.699999809	11.5	10.2
Germany	2008	45699.19832	1.274699038	14.72	7.5	11.4	10.3
Germany	2009	41732.70725	-5.37941105	14.54	7.699999809	11.2	10.3
Germany	2010	41785.55691	4.239504345	14.53	7	11.2	10.8
Germany	2011	46810.32796	5.599481429	14.54	5.800000191	11.2	10.8
Germany	2012	44065.24891	0.303518386	13.7	5.400000095	11.2	10.5
Germany	2013	46530.91143	0.215722046	13.3	5.199999809	10.9	10.8
Germany	2014	48042.56344	1.50565308	13.04	5	11	10.8
Greece	1996	13749.11515	2.409843034	11.04	9.699999809	9.7	3.3
Greece	1997	13427.83249	3.97008195	10.87	9.600000382	9.5	3.4
Greece	1998	13472.13764	3.320699471	13.02	10.80000019	9	3.6
Greece	1999	13245.18946	2.6780997	12.86	11.80000019	9.5	3.4
Greece	2000	12042.95373	3.495563615	13.47	11.19999981	8.5	3.4
Greece	2001	12538.17883	3.591652802	13.16	10.5	8.6	2.9
Greece	2002	14110.31339	3.542622806	11.66	10	8.1	2.8
Greece	2003	18477.57841	5.542360849	11.16	9.399999619	9.5	3.3
Greece	2004	21955.10409	4.801378733	12.06	10.30000019	9.6	3
Greece	2005	22551.73574	0.304568132	11.95	10	10	3.4
Greece	2006	24801.15781	5.335601875	10.76	9	9.4	3.3
Greece	2007	28827.32636	3.010984003	10.98	8.399999619	9.7	2.8
Greece	2008	31997.28201	-0.599389804	11.6	7.800000191	9.5	3.1
Greece	2009	29710.9703	-4.552117255	12.29	9.600000382	9.1	3.2
Greece	2010	26917.75898	-5.600777667	12.6	12.69999981	9	3.1
Greece	2011	25916.29353	-8.997955016	11.79	17.89999962	8	3.9
Greece	2012	22242.68194	-6.797860844	10.18	24.39999962	8.2	4.2
Greece	2013	21874.8195	-2.537258522	10.13	27.5	7.5	4.5
Greece	2014	21760.9798	1.413058085	11.67	26.5	7.5	4.7
Italy	1996	23020.09994	1.257907469	7.46	11.89999962	9.1	7.8
Italy	1997	21779.62437	1.781498255	8.2	12	9.1	7.7
Italy	1998	22252.35809	1.586841214	8.49	12.10000038	9	7.4
Italy	1999	21936.82313	1.542768493	9.79	11.69999981	8.9	6.7
Italy	2000	20051.24216	3.663132784	10.11	10.80000019	9.8	6.7
Italy	2001	20400.81111	1.715041815	9.76	9.600000382	9.7	6.5
Italy	2002	22196.50676	0.099371983	9.86	9.199999809	9.3	6.5
Italy	2003	27387.22632	-0.29287378	9.86	8.899999619	9.3	6.4
Italy	2004	31174.56109	0.926640896	11.81	7.900000095	9	5.6
Italy	2005	31959.26295	0.454827381	12.21	7.699999809	8.7	5.7
Italy	2006	33410.74744	1.700456258	13.1	6.800000191	8.4	5.8
Italy	2007	37698.78665	0.962784205	13.16	6.099999905	8.4	5.9
Italy	2008	40640.18386	-1.703747	13.27	6.699999809	8	5.8
Italy	2009	36976.84553	-5.911711979	12.45	7.800000191	7.3	6.2
Italy	2010	35849.3732	1.37422513	12.68	8.399999619	7	6.3
Italy	2011	38334.68385	0.403801715	13.28	8.399999619	7	6.81
Italy	2012	34814.12512	-3.080603909	13.79	10.60000038	7.5	6.98
Italy	2013	35370.27526	-2.860800443	13.18	12.19999981	7.4	6.98
Italy	2014	35396.66572	-0.800672819	13.57	12.69999981	7.6	6.69
Luxembourg	1996	52571.93499	0.017735616	2.64	3.299999952	13.3	17.5
Luxembourg	1997	47042.34711	4.392913487	2.13	2.5	13	19.6
Luxembourg	1998	47584.46439	4.733762793	2.88	2.799999952	12.9	14.9
Luxembourg	1999	51654.4028	7.025685347	3.4	2.400000095	12.9	16.2
Luxembourg	2000	48735.99549	6.7946998	3.4	2.400000095	13.1	14.5
Luxembourg	2001	48179.42085	1.318613123	4.36	1.799999952	12.9	16.8
Luxembourg	2002	52930.64115	2.737471625	4.3	2.599999905	12.9	19.2
Luxembourg	2003	65445.88503	0.401760622	3.13	3.700000048	12.6	10.8
Luxembourg	2004	75716.35108	2.149919484	4.79	5.099999905	12.4	13.5
Luxembourg	2005	80289.69641	1.605863285	5.28	4.5	11.8	10.5
Luxembourg	2006	89739.7117	3.514143359	6.07	4.699999809	12	13.5
Luxembourg	2007	106018.4928	6.693995465	6.82	4.099999905	11.8	16.2
Luxembourg	2008	114293.8433	-3.02853191	6.22	5.099999905	11.5	8.4
Luxembourg	2009	103198.6693	-6.113373324	7.18	5.099999905	11.4	9.3
Luxembourg	2010	104965.3061	2.968122577	7.1	4.400000095	11.4	10.3
Luxembourg	2011	115761.5077	0.285277468	7.13	4.900000095	11.5	10.4
Luxembourg	2012	106749.0136	-2.717088655	7.69	5.099999905	11.3	9.4
Luxembourg	2013	113625.1329	1.286206821	7.1	5.800000191	11	7.3
Luxembourg	2014	119225.38	3.308044869	8.17	5.800000191	11.1	11.8
Netherlands	1996	28698.66602	3.089967499	11.97	6.400000095	9.9	10.2
Netherlands	1997	26404.98673	3.764345655	11.4	5.5	10.1	10.1
Netherlands	1998	27533.60679	3.882852154	12.71	4.400000095	9.9	9.6
Netherlands	1999	27951.73429	4.354902625	11.97	3.599999905	10.1	9.6
Netherlands	2000	25921.12794	3.496351713	13.66	2.700000048	10.1	9.4
Netherlands	2001	26584.12169	1.356291618	14.35	2.099999905	10	9.1
Netherlands	2002	28817.32321	-0.533288286	14.35	2.599999905	9.8	9.6
Netherlands	2003	35245.16408	-0.188116954	14.48	3.599999905	9.7	9.2
Netherlands	2004	39954.64222	1.67678994	14.77	4.599999905	9.6	9.1
Netherlands	2005	41577.16009	1.921933547	15.48	4.699999809	9.6	9.4
Netherlands	2006	44453.9712	3.352505331	16.62	3.900000095	9.6	9.1
Netherlands	2007	51241.31562	3.473151677	18.08	3.200000048	9.6	8
Netherlands	2008	56928.82048	1.30392362	18.17	2.799999952	9.7	8.4
Netherlands	2009	51900.3401	-4.261221542	18.25	3.400000095	9.4	8.9
Netherlands	2010	50338.25483	0.883876122	18.5	4.400000095	9.2	9.2
Netherlands	2011	53540.60536	1.190542088	18.29	5	9	9.5
Netherlands	2012	49474.70561	-1.422504187	19.41	5.800000191	9.3	10
Netherlands	2013	51574.48942	-0.48416549	20.46	7.199999809	8.7	10.5
Netherlands	2014	52157.40687	1.055409463	21.45	7.400000095	8	10.4
Norway	1996	37321.44339	4.496974737	12.95	5	5	11.8
Norway	1997	36628.51742	4.715355143	11.77	4.699999809	5.3	12.3
Norway	1998	34788.77856	2.015176102	10.95	3.700000048	5.2	12.5
Norway	1999	36371.39579	1.317148039	10.12	3.200000048	5.5	13.4
Norway	2000	38146.71539	2.53760563	9.3	3.5	5.7	12.3
Norway	2001	38549.58934	1.570033303	9.29	3.700000048	5.5	12.4
Norway	2002	43061.15038	0.892137	9.87	4	5.9	11
Norway	2003	50111.65445	0.329646559	9.44	4.199999809	6	11.1
Norway	2004	57570.26916	3.346523463	9.94	4.300000191	6.2	11.8
Norway	2005	66775.3944	1.928146092	9.5	4.400000095	6.4	11.6
Norway	2006	74114.69715	1.573721897	10.08	3.400000095	6.5	11.5
Norway	2007	85170.86217	1.924927141	9.54	2.5	6.6	10.5
Norway	2008	97007.94189	-0.763761382	9.03	2.599999905	6.8	10.6
Norway	2009	80067.17664	-2.923059713	8.08	3.099999905	6.7	11.9
Norway	2010	87770.26684	-0.554839174	8.34	3.5	6.6	11.2
Norway	2011	100711.2248	-0.329403687	7.93	3.200000048	6.4	12.1
Norway	2012	101668.1707	1.381260571	8.42	3.099999905	6.2	10.2
Norway	2013	103059.2482	-0.170023872	8.33	3.400000095	6.2	10.8
Norway	2014	97199.9191	0.831566884	7.83	3.5	6.1	10.5
Portugal	1996	12185.06389	3.108270737	10.6	7.300000191	12.1	6.7
Portugal	1997	11578.44152	3.961026931	12.24	6.599999905	11.8	6.2
Portugal	1998	12202.69141	4.263501183	17.43	4.599999905	11.7	5.4
Portugal	1999	12474.81808	3.302248818	18.65	4.599999905	13.2	5.2
Portugal	2000	11502.39681	3.060571527	19.93	3.799999952	11.9	5
Portugal	2001	11729.14616	1.226897742	20.31	3.799999952	12.2	7.1
Portugal	2002	12882.28897	0.218426401	21.47	4.5	12	11.2
Portugal	2003	15772.7334	-1.305412257	20.53	6.099999905	14.2	10.6
Portugal	2004	18045.5881	1.56841349	19.73	6.300000191	13.5	8.9
Portugal	2005	18784.9485	0.580003436	19.38	7.599999905	13.3	9
Portugal	2006	19821.44463	1.370085181	20.38	7.599999905	13.1	8.9
Portugal	2007	22780.05845	2.291002375	22.28	8	12.6	9.3
Portugal	2008	24815.60884	0.0548983	22.73	7.599999905	12.4	8.6
Portugal	2009	23063.97161	-3.070552001	21.96	9.399999619	12	9
Portugal	2010	22538.65408	1.851920186	22.8	10.80000019	12.3	8.7
Portugal	2011	23196.18375	-1.68234825	21.99	12.69999981	11.9	10
Portugal	2012	20577.40264	-3.638376596	20.52	15.5	12	10.14
Portugal	2013	21618.73534	-0.586050194	21.4	16.20000076	10	10.07
Portugal	2014	22077.53613	1.438661619	21.45	13.89999962	9.9	11.75
Spain	1996	16069.20709	2.248016287	33.62	22.10000038	10.8	8.4
Spain	1997	14696.21611	3.25594003	33.64	20.70000076	11.6	8.4
Spain	1998	15340.33211	3.875202775	32.93	18.70000076	11.5	8
Spain	1999	15678.21524	4.062130696	32.72	15.5	11.3	7.8
Spain	2000	14676.70609	4.819364022	32.18	13.80000019	11.1	8.1
Spain	2001	15323.6114	3.281734814	32.18	10.39999962	9.9	7.4
Spain	2002	17019.53541	1.436815991	32.01	11.19999981	12.3	7.7
Spain	2003	21495.70741	1.338243755	31.92	11.30000019	12.1	7.8
Spain	2004	24918.64584	1.40190868	32.52	11.10000038	12	7.7
Spain	2005	26510.71745	1.985476006	33.39	9.199999809	11.9	7.3
Spain	2006	28482.60948	2.428012521	33.95	8.399999619	11.9	6.9
Spain	2007	32709.40104	1.865813028	31.55	8.199999809	11.1	6.7
Spain	2008	35579.30993	-0.482674966	29.1	11.19999981	10.2	7
Spain	2009	32334.00548	-4.424062114	25.21	17.89999962	10	6.9
Spain	2010	30736.62785	-0.445350775	24.74	19.89999962	9.8	6.3
Spain	2011	31835.2888	-1.349930077	25.13	21.39999962	9.6	6.3
Spain	2012	28563.85904	-2.990755144	23.41	24.79999924	9.4	6.9
Spain	2013	29211.77375	-1.383096773	23.14	26.10000038	9.3	7.5
Spain	2014	29623.16445	1.683527291	24	24.39999962	9.3	7.6
Sweden	1996	32587.2641	1.35642702	14.6	9.600000382	6	13.9
Sweden	1997	29897.79263	2.841576643	14.6	10.39999962	5.9	13.4
Sweden	1998	30143.62746	4.168949246	15.54	8.899999619	5.8	13.6
Sweden	1999	30577.08177	4.448727113	15.9	7.599999905	6.1	13.5
Sweden	2000	29283.00505	4.567242893	15.24	5.5	6.2	12.4
Sweden	2001	26969.24458	1.291108145	14.75	4	6.5	13
Sweden	2002	29571.70446	1.74193088	14.75	4	6.9	12.9
Sweden	2003	36961.42537	2.005478025	14.7	4.900000095	6.9	12
Sweden	2004	42442.22045	3.911043998	15.13	5.5	6.5	12.4
Sweden	2005	43085.35315	2.407936366	15.76	7.699999809	6.5	13.1
Sweden	2006	46256.4716	4.100926289	16.77	7	6.8	12.7
Sweden	2007	53324.37937	2.640983002	17.45	6.099999905	7	11.9
Sweden	2008	55746.84238	-1.328731592	16.05	6.199999809	7	12.2
Sweden	2009	46207.0592	-5.988964284	15.25	8.300000191	7.3	12.9
Sweden	2010	52076.25591	5.089185551	16.4	8.600000382	7.3	11.7
Sweden	2011	59593.28711	1.89205741	16.95	7.800000191	7.4	11.4
Sweden	2012	57134.07707	-1.021244095	16.39	8	7.2	11.6
Sweden	2013	60283.24522	0.386963246	16.88	8	7.3	12.3
Sweden	2014	59180.19898	1.591300229	17.45	7.900000095	7.2	11.4
