time	month	price	quantity	temperature	rainfall	CPI	average_wage	unemployment_rate
200301	1	192.7	214641	16.6	22.9	90.25	73045	5.03
200302	2	150.4	161648.1	18.7	50.4	88.99	39401	5.17
200303	3	165.7	236169.1	19.4	106.4	88.71	37952	5.08
200304	4	214.6	215096	23.2	97.9	89.68	38309	4.92
200305	5	207.9	143308	25.6	162.6	89.63	38850	4.98
200306	6	192.4	132486.1	26.6	112.8	89.11	38336	5.09
200307	7	200.3	165110.5	29.4	2.5	88.74	38875	5.16
200308	8	159.9	272767.9	28.7	223.2	89.07	39694	5.21
200309	9	148.6	274986.5	28.3	5	89.34	40670	5.05
200310	10	149.6	331286.1	25.4	0.6	89.98	38292	4.92
200311	11	177.5	205597.9	22.7	1.8	89.58	38138	4.71
200312	12	199.9	146320.5	18.2	0	89.56	43422	4.58
200401	1	226.5	201832.5	16.7	3.7	90.26	75920	4.53
200402	2	185.6	216579.7	17.1	26.7	89.56	39580	4.61
200403	3	214.6	164778.2	18.7	24	89.5	38952	4.45
200404	4	237	156777.3	23.1	68.2	90.53	38740	4.36
200405	5	256.8	145234.4	26.3	82.5	90.45	38844	4.41
200406	6	221.6	125163	27.6	1.8	90.66	39956	4.54
200407	7	224.7	116610.9	27.9	372.9	91.7	39858	4.62
200408	8	178.1	244932.8	28.5	188.2	91.34	41081	4.67
200409	9	164.9	197334.5	27.3	353.1	91.83	40131	4.5
200410	10	170.3	248996.2	24.1	6	92.13	38736	4.31
200411	11	180.1	168696.4	22.7	0.7	90.95	38460	4.14
200412	12	184.5	201819	19.4	87.8	91.01	42704	4.09
200501	1	166.5	191108.3	15.4	9.8	90.7	65044	4.06
200502	2	223	149772.3	16.3	58.3	91.3	55615	4.28
200503	3	164.1	221622.8	17.2	149.6	91.56	39102	4.15
200504	4	212.3	172360.7	23.5	30.9	92.02	38800	4.04
200505	5	236.2	129725	26.3	131.2	92.53	38987	4.1
200506	6	189.4	118555.5	27.6	313	92.82	40013	4.22
200507	7	200.9	146834.6	28.8	135	93.9	39709	4.32
200508	8	220.8	103597.8	28.3	348.5	94.6	40949	4.36
200509	9	169.7	85732	28.2	332.7	94.73	40283	4.14
200510	10	157.1	129257.4	25.9	71.9	94.66	38557	4.07
200511	11	181.7	107887.4	23.7	0	93.23	38560	3.94
200512	12	195.4	90982.1	17.7	8.6	93.02	42703	3.86
200601	1	238.4	205018	16.6	8.1	93.12	82092	3.8
200602	2	193.9	125810.2	17.4	86.2	92.2	39977	3.92
200603	3	190.3	171117.7	19.6	47.1	91.94	39075	3.87
200604	4	223.4	184064.4	24.1	76.8	93.15	39427	3.78
200605	5	233	161433.8	25.9	74.3	94	40353	3.84
200606	6	232.2	150966.7	27.6	417.1	94.43	39567	3.98
200607	7	222.3	150911.7	28.8	489.5	94.64	39784	4.05
200608	8	224.6	149165.7	28.9	118	94.07	41260	4.09
200609	9	210.6	164814.4	27.7	41.1	93.56	39936	3.96
200610	10	178.7	188730.4	26.4	0	93.53	39583	3.9
200611	11	203.8	126731.1	24.1	106.6	93.45	38818	3.86
200612	12	215.1	108271.2	19.7	42	93.65	42482	3.81
200701	1	201.8	126649.6	16.6	37	93.45	48935	3.79
200702	2	271.3	147646.4	19.8	29.4	93.81	74819	3.78
200703	3	208.9	106896.6	20.8	13.1	92.72	39632	3.94
200704	4	242.7	134911.9	22.4	71.1	93.79	39470	3.83
200705	5	223.9	105024.4	26.2	59.4	93.98	40513	3.87
200706	6	259.1	51601.8	28.1	96.7	94.55	40856	3.96
200707	7	262.7	57314.3	29.7	5.4	94.33	41540	4.03
200708	8	242.3	160546.4	28.1	448.1	95.58	41496	4.09
200709	9	203	155842.5	27.8	34	96.47	42680	3.99
200710	10	164.7	216400.5	25.3	169	98.52	39759	3.92
200711	11	175.4	127352.6	21.6	14.7	97.94	39614	3.87
200712	12	191.1	158611.9	19.5	1.5	96.77	43968	3.83
200801	1	232.4	151173.4	17.4	22.8	96.2	65880	3.8
200802	2	248.5	117012.3	13.2	17.5	97.43	59584	3.94
200803	3	214.1	176000.7	20.5	26.4	96.38	40325	3.86
200804	4	257.2	171448.6	23.6	73.3	97.42	40239	3.81
200805	5	273.3	133326.3	25.8	63.5	97.47	40590	3.84
200806	6	269.6	109645.3	27.2	228.6	99.25	41230	3.95
200807	7	230.9	134514.6	28.1	767.2	99.81	42746	4.06
200808	8	213.5	193928.4	28.4	94.7	100.06	41486	4.14
200809	9	179.1	192158.2	28	124.1	99.46	41357	4.27
200810	10	158.6	265515.9	26.2	57	100.87	39600	4.37
200811	11	166.9	265160.8	22.5	28	99.83	38189	4.64
200812	12	220.3	126518.4	19.6	9.5	97.99	41898	5.03
200901	1	277.8	142640.7	16.4	0.3	97.62	68240	5.31
200902	2	239.1	90121.6	20.3	1.7	96.13	41187	5.75
200903	3	236.4	86313.4	19.4	65.6	96.24	38645	5.81
200904	4	260.4	122318.6	22.1	78.8	96.97	38974	5.76
200905	5	247.9	99296.6	25.5	4.2	97.38	39778	5.82
200906	6	235.6	86465.6	27.7	159.3	97.29	38306	5.94
200907	7	253.4	95499.3	28.8	109.1	97.48	39720	6.07
200908	8	242.8	93002.3	28.8	455.3	99.24	39621	6.13
200909	9	227.5	134462.6	29.1	14.6	98.58	40611	6.04
200910	10	209.9	147302.4	25.5	12.5	98.96	39943	5.96
200911	11	236.2	102295.3	21.9	56.4	98.22	39132	5.86
200912	12	295.6	66361.4	18.3	12	97.75	42899	5.74
201001	1	287	68652.4	17.5	7.8	97.87	53972	5.68
201002	2	353.3	79494.2	18.5	20.8	98.39	67251	5.76
201003	3	289.8	52597.7	20.9	3.3	97.45	40835	5.67
201004	4	301.9	70587.7	21.7	30.8	98.27	40372	5.39
201005	5	281	67408	25.2	71.3	98.12	41231	5.14
201006	6	241.3	59629.4	26.8	137.1	98.45	41635	5.16
201007	7	233.6	60465.6	28.6	95.6	98.76	41669	5.2
201008	8	213	104718.5	29.3	8.3	98.77	40503	5.17
201009	9	200	70282	28	238.9	98.87	43212	5.05
201010	10	259.6	52168.8	25.2	52.9	99.52	40125	4.92
201011	11	290	36573.2	21.5	8.3	99.71	39734	4.73
201012	12	299.9	38394.7	19	13.1	98.96	44503	4.67
201101	1	330.4	68121.5	14.2	8.7	98.95	82698	4.64
201102	2	321.9	31698.8	15.6	10.8	99.69	46029	4.69
201103	3	294.8	40221.4	18	19.5	98.82	41031	4.48
201104	4	289.8	49358.9	22.2	9.2	99.56	40849	4.29
201105	5	297.9	36743.9	24.7	53.2	99.75	42158	4.27
201106	6	334.1	45714.9	28.1	61.1	100.37	41804	4.35
201107	7	331.7	48644.3	28.2	115.6	100.07	42724	4.41
201108	8	287.4	47821.9	29.1	142.2	100.1	42363	4.45
201109	9	266.9	53671.1	27.6	0.7	100.23	43403	4.28
201110	10	288.6	88525.1	25	7.5	100.77	40734	4.3
201111	11	322.3	59451.3	23.1	161.7	100.74	39967	4.28
201112	12	373.2	64095.8	17.8	19.2	100.97	45750	4.18
201201	1	425.9	76331.4	15.1	10.5	101.28	83821	4.18
201202	2	349.3	37213.3	14.9	28.4	99.94	42249	4.25
201203	3	359	38694	19.2	7.3	100.06	41393	4.17
201204	4	370.3	33961.6	24.4	71.7	100.99	41549	4.1
201205	5	375	47359.4	26.1	192.7	101.49	41924	4.12
201206	6	385.7	39112.2	27.2	226	102.14	42845	4.21
201207	7	366.9	29841.4	28.7	69.5	102.53	42511	4.31
201208	8	325.2	41786.1	28	175	103.53	41838	4.4
201209	9	287.3	41266.1	27.7	0.3	103.19	44028	4.32
201210	10	342.7	44391	25.1	0	103.12	40974	4.33
201211	11	349.8	40083.2	23	92.9	102.34	40043	4.27
201212	12	433.9	34747.9	19	47.6	102.59	47718	4.18
201301	1	431.1	48613.4	16	7.2	102.41	60702	4.16
201302	2	428	40214.3	17.7	22.7	102.9	62343	4.24
201303	3	345.1	30233.4	20.7	23.5	101.42	41652	4.17
201304	4	376.3	34840.2	22.3	159.6	102.05	42011	4.07
201305	5	378.3	40306.1	25.7	243.6	102.24	42302	4.06
201306	6	357.2	32570.5	28	86.5	102.75	42934	4.14
201307	7	359.3	34396.9	29.1	55.1	102.58	43304	4.25
201308	8	347.5	25216.2	28.7	303.7	102.7	42522	4.33
201309	9	358.5	21108.1	27.9	9.4	104.05	43367	4.24
